     1.00000000     0.38098185         0
     1.48979592     0.35377268         0
     1.97959184     0.31289591         0
     2.46938776     0.26756114         0
     2.95918367     0.22978175         0
     3.44897959     0.20179423         0
     3.93877551     0.18112544         0
     4.42857143     0.16551554         0
     4.91836735     0.15351557         0
     5.40816327     0.14419749         0
     5.89795918     0.13691668         0
     6.38775510     0.13119120         0
     6.87755102     0.12665118         0
     7.36734694     0.12301432         0
     7.85714286     0.12006808         0
     8.34693878     0.11765391         0
     8.83673469     0.11565371         0
     9.32653061     0.11397883         0
     9.81632653     0.11256289         0
    10.30612245     0.11135508         0
    10.79591837     0.11031634         0
    11.28571429     0.10941645         0
    11.77551020     0.10863131         0
    12.26530612     0.10794215         0
    12.75510204     0.10733370         0
    13.24489796     0.10679377         0
    13.73469388     0.10631243         0
    14.22448980     0.10588114         0
    14.71428571     0.10549334         0
    15.20408163     0.10514323         0
    15.69387755     0.10482607         0
    16.18367347     0.10453776         0
    16.67346939     0.10427477         0
    17.16326531     0.10403437         0
    17.65306122     0.10381396         0
    18.14285714     0.10361140         0
    18.63265306     0.10342455         0
    19.12244898     0.10325221         0
    19.61224490     0.10309252         0
    20.10204082     0.10294459         0
    20.59183673     0.10280703         0
    21.08163265     0.10267893         0
    21.57142857     0.10255969         0
    22.06122449     0.10244807         0
    22.55102041     0.10234377         0
    23.04081633     0.10224604         0
    23.53061224     0.10215441         0
    24.02040816     0.10206828         0
    24.51020408     0.10198718         0
    25.00000000     0.10191081         0
     4.42857143     0.39755125         1
     4.91836735     0.38189054         1
     5.40816327     0.35873838         1
     5.89795918     0.33436185         1
     6.38775510     0.31212705         1
     6.87755102     0.29305692         1
     7.36734694     0.27712202         1
     7.85714286     0.26395933         1
     8.34693878     0.25311597         1
     8.83673469     0.24414335         1
     9.32653061     0.23664136         1
     9.81632653     0.23027494         1
    10.30612245     0.22477155         1
    10.79591837     0.21991208         1
    11.28571429     0.21551557         1
    11.77551020     0.21142942         1
    12.26530612     0.20751844         1
    12.75510204     0.20365690         1
    13.24489796     0.19972608         1
    13.73469388     0.19561399         1
    14.22448980     0.19122846         1
    14.71428571     0.18651853         1
    15.20408163     0.18150129         1
    15.69387755     0.17627408         1
    16.18367347     0.17099409         1
    16.67346939     0.16583097         1
    17.16326531     0.16092328         1
    17.65306122     0.15635862         1
    18.14285714     0.15217481         1
    18.63265306     0.14837530         1
    19.12244898     0.14494169         1
    19.61224490     0.14184514         1
    20.10204082     0.13905302         1
    20.59183673     0.13653249         1
    21.08163265     0.13425306         1
    21.57142857     0.13218679         1
    22.06122449     0.13030897         1
    22.55102041     0.12859762         1
    23.04081633     0.12703397         1
    23.53061224     0.12560155         1
    24.02040816     0.12428571         1
    24.51020408     0.12307393         1
    25.00000000     0.12195554         1
     7.85714286     0.39888115         2
     8.34693878     0.38994164         2
     8.83673469     0.37768425         2
     9.32653061     0.36542809         2
     9.81632653     0.35427605         2
    10.30612245     0.34436425         2
    10.79591837     0.33548638         2
    11.28571429     0.32733422         2
    11.77551020     0.31957268         2
    12.26530612     0.31185448         2
    12.75510204     0.30381829         2
    13.24489796     0.29512947         2
    13.73469388     0.28560082         2
    14.22448980     0.27538338         2
    14.71428571     0.26504235         2
    15.20408163     0.25531990         2
    15.69387755     0.24677178         2
    16.18367347     0.23960335         2
    16.67346939     0.23374352         2
    17.16326531     0.22898720         2
    17.65306122     0.22510491         2
    18.14285714     0.22189370         2
    18.63265306     0.21919091         2
    19.12244898     0.21687142         2
    19.61224490     0.21484032         2
    20.10204082     0.21302376         2
    20.59183673     0.21136345         2
    21.08163265     0.20981087         2
    21.57142857     0.20832299         2
    22.06122449     0.20685921         2
    22.55102041     0.20537804         2
    23.04081633     0.20383370         2
    23.53061224     0.20217552         2
    24.02040816     0.20034493         2
    24.51020408     0.19827690         2
    25.00000000     0.19590889         2
    12.75510204     0.39768985         3
    13.24489796     0.38842929         3
    13.73469388     0.37528873         3
    14.22448980     0.36150912         3
    14.71428571     0.34919437         3
    15.20408163     0.33892612         3
    15.69387755     0.33039554         3
    16.18367347     0.32304843         3
    16.67346939     0.31636783         3
    17.16326531     0.30994846         3
    17.65306122     0.30351260         3
    18.14285714     0.29692828         3
    18.63265306     0.29021365         3
    19.12244898     0.28349414         3
    19.61224490     0.27692599         3
    20.10204082     0.27063281         3
    20.59183673     0.26468631         3
    21.08163265     0.25910968         3
    21.57142857     0.25389529         3
    22.06122449     0.24901904         3
    22.55102041     0.24445071         3
    23.04081633     0.24016132         3
    23.53061224     0.23613040         3
    24.02040816     0.23235004         3
    24.51020408     0.22882724         3
    25.00000000     0.22558429         3
    16.18367347     0.39738676         4
    16.67346939     0.38766966         4
    17.16326531     0.37590544         4
    17.65306122     0.36445982         4
    18.14285714     0.35440153         4
    18.63265306     0.34604796         4
    19.12244898     0.33929106         4
    19.61224490     0.33383970         4
    20.10204082     0.32937956         4
    20.59183673     0.32563963         4
    21.08163265     0.32240568         4
    21.57142857     0.31950804         4
    22.06122449     0.31680388         4
    22.55102041     0.31415953         4
    23.04081633     0.31142302         4
    23.53061224     0.30840513         4
    24.02040816     0.30484404         4
    24.51020408     0.30041334         4
    25.00000000     0.29483336         4
    20.10204082     0.39863549         5
    20.59183673     0.39314630         5
    21.08163265     0.38618310         5
    21.57142857     0.37875237         5
    22.06122449     0.37122338         5
    22.55102041     0.36372857         5
    23.04081633     0.35630395         5
    23.53061224     0.34897210         5
    24.02040816     0.34182458         5
    24.51020408     0.33508782         5
    25.00000000     0.32910912         5
    25.00000000     0.39241871         6
