     0.10000000     0.37075198         0
     0.60816327     0.35898165         0
     1.11632653     0.34692019         0
     1.62448980     0.33430392         0
     2.13265306     0.32016116         0
     2.64081633     0.30299166         0
     3.14897959     0.28152606         0
     3.65714286     0.25665927         0
     4.16530612     0.23224139         0
     4.67346939     0.21141818         0
     5.18163265     0.19461016         0
     5.68979592     0.18101412         0
     6.19795918     0.16959521         0
     6.70612245     0.15936129         0
     7.21428571     0.14955126         0
     7.72244898     0.13988947         0
     8.23061224     0.13075518         0
     8.73877551     0.12284388         0
     9.24693878     0.11651904         0
     9.75510204     0.11167048         0
    10.26326531     0.10799075         0
    10.77142857     0.10518015         0
    11.27959184     0.10300662         0
    11.78775510     0.10130259         0
    12.29591837     0.09994906         0
    12.80408163     0.09886134         0
    13.31224490     0.09797808         0
    13.82040816     0.09725443         0
    14.32857143     0.09665682         0
    14.83673469     0.09615962         0
    15.34489796     0.09574374         0
    15.85306122     0.09539393         0
    16.36122449     0.09509814         0
    16.86938776     0.09484706         0
    17.37755102     0.09463305         0
    17.88571429     0.09445017         0
    18.39387755     0.09429324         0
    18.90204082     0.09415843         0
    19.41020408     0.09404208         0
    19.91836735     0.09394160         0
    20.42653061     0.09385455         0
    20.93469388     0.09377909         0
    21.44285714     0.09371356         0
    21.95102041     0.09365656         0
    22.45918367     0.09360674         0
    22.96734694     0.09356349         0
    23.47551020     0.09352557         0
    23.98367347     0.09349238         0
    24.49183673     0.09346346         0
    25.00000000     0.09343806         0
     3.65714286     0.36199628         1
     4.16530612     0.32246534         1
     4.67346939     0.29146589         1
     5.18163265     0.26697874         1
     5.68979592     0.24733015         1
     6.19795918     0.23137174         1
     6.70612245     0.21834485         1
     7.21428571     0.20774564         1
     7.72244898     0.19921491         1
     8.23061224     0.19244474         1
     8.73877551     0.18712812         1
     9.24693878     0.18296018         1
     9.75510204     0.17966840         1
    10.26326531     0.17703062         1
    10.77142857     0.17487653         1
    11.27959184     0.17307859         1
    11.78775510     0.17154279         1
    12.29591837     0.17019865         1
    12.80408163     0.16899213         1
    13.31224490     0.16788175         1
    13.82040816     0.16683423         1
    14.32857143     0.16582212         1
    14.83673469     0.16482191         1
    15.34489796     0.16381284         1
    15.85306122     0.16277570         1
    16.36122449     0.16169218         1
    16.86938776     0.16054365         1
    17.37755102     0.15931211         1
    17.88571429     0.15797956         1
    18.39387755     0.15652799         1
    18.90204082     0.15494092         1
    19.41020408     0.15320524         1
    19.91836735     0.15131360         1
    20.42653061     0.14926763         1
    20.93469388     0.14707990         1
    21.44285714     0.14477682         1
    21.95102041     0.14239652         1
    22.45918367     0.13998540         1
    22.96734694     0.13759122         1
    23.47551020     0.13525823         1
    23.98367347     0.13302106         1
    24.49183673     0.13090383         1
    25.00000000     0.12892026         1
     5.18163265     0.39408394         2
     5.68979592     0.38319619         2
     6.19795918     0.37048897         2
     6.70612245     0.35640786         2
     7.21428571     0.34159188         2
     7.72244898     0.32726479         2
     8.23061224     0.31437386         2
     8.73877551     0.30310158         2
     9.24693878     0.29310234         2
     9.75510204     0.28383828         2
    10.26326531     0.27476952         2
    10.77142857     0.26551766         2
    11.27959184     0.25608757         2
    11.78775510     0.24692696         2
    12.29591837     0.23858483         2
    12.80408163     0.23133644         2
    13.31224490     0.22516899         2
    13.82040816     0.21993294         2
    14.32857143     0.21545464         2
    14.83673469     0.21157936         2
    15.34489796     0.20818108         2
    15.85306122     0.20516060         2
    16.36122449     0.20244164         2
    16.86938776     0.19996346         2
    17.37755102     0.19767937         2
    17.88571429     0.19555336         2
    18.39387755     0.19355645         2
    18.90204082     0.19166695         2
    19.41020408     0.18986870         2
    19.91836735     0.18814919         2
    20.42653061     0.18650078         2
    20.93469388     0.18491707         2
    21.44285714     0.18339531         2
    21.95102041     0.18193276         2
    22.45918367     0.18052697         2
    22.96734694     0.17917519         2
    23.47551020     0.17787407         2
    23.98367347     0.17661812         2
    24.49183673     0.17540154         2
    25.00000000     0.17421639         2
     9.24693878     0.39805515         3
     9.75510204     0.39352054         3
    10.26326531     0.38683139         3
    10.77142857     0.37638736         3
    11.27959184     0.35990390         3
    11.78775510     0.34039920         3
    12.29591837     0.32437473         3
    12.80408163     0.31300540         3
    13.31224490     0.30490939         3
    13.82040816     0.29885883         3
    14.32857143     0.29408206         3
    14.83673469     0.29010730         3
    15.34489796     0.28663272         3
    15.85306122     0.28345050         3
    16.36122449     0.28040225         3
    16.86938776     0.27735675         3
    17.37755102     0.27419833         3
    17.88571429     0.27082721         3
    18.39387755     0.26717227         3
    18.90204082     0.26321368         3
    19.41020408     0.25900150         3
    19.91836735     0.25464709         3
    20.42653061     0.25028476         3
    20.93469388     0.24603046         3
    21.44285714     0.24195743         3
    21.95102041     0.23809436         3
    22.45918367     0.23443362         3
    22.96734694     0.23093890         3
    23.47551020     0.22755161         3
    23.98367347     0.22419971         3
    24.49183673     0.22081058         3
    25.00000000     0.21734485         3
    12.80408163     0.39655882         4
    13.31224490     0.39282866         4
    13.82040816     0.38904844         4
    14.32857143     0.38511015         4
    14.83673469     0.38084898         4
    15.34489796     0.37613066         4
    15.85306122     0.37085081         4
    16.36122449     0.36486906         4
    16.86938776     0.35783140         4
    17.37755102     0.34899504         4
    17.88571429     0.33809263         4
    18.39387755     0.32675505         4
    18.90204082     0.31669432         4
    19.41020408     0.30842985         4
    19.91836735     0.30181944         4
    20.42653061     0.29651686         4
    20.93469388     0.29216215         4
    21.44285714     0.28844740         4
    21.95102041     0.28511625         4
    22.45918367     0.28188765         4
    22.96734694     0.27772886         4
    23.47551020     0.26844099         4
    23.98367347     0.25752470         4
    24.49183673     0.24804152         4
    25.00000000     0.24050383         4
    15.85306122     0.39584481         5
    16.36122449     0.38973977         5
    16.86938776     0.38134164         5
    17.37755102     0.37040566         5
    17.88571429     0.36021493         5
    18.39387755     0.35207620         5
    18.90204082     0.34508004         5
    19.41020408     0.33852761         5
    19.91836735     0.33206857         5
    20.42653061     0.32548379         5
    20.93469388     0.31857003         5
    21.44285714     0.31107827         5
    21.95102041     0.30268441         5
    22.45918367     0.29310754         5
    22.96734694     0.28315835         5
    23.47551020     0.27766686         5
    23.98367347     0.27443459         5
    24.49183673     0.27141839         5
    25.00000000     0.26839730         5
    17.37755102     0.39692936         6
    17.88571429     0.39136692         6
    18.39387755     0.38679020         6
    18.90204082     0.38258701         6
    19.41020408     0.37836368         6
    19.91836735     0.37387791         6
    20.42653061     0.36895695         6
    20.93469388     0.36345676         6
    21.44285714     0.35724369         6
    21.95102041     0.35019504         6
    22.45918367     0.34228824         6
    22.96734694     0.33383518         6
    23.47551020     0.32557377         6
    23.98367347     0.31821873         6
    24.49183673     0.31202091         6
    25.00000000     0.30688328         6
    21.95102041     0.39682982         7
    22.45918367     0.39048125         7
    22.96734694     0.38286071         7
    23.47551020     0.37483550         7
    23.98367347     0.36731566         7
    24.49183673     0.36076628         7
    25.00000000     0.35517821         7
